-2.000000 -2.000000 0.005776
-2.000000 -1.800000 0.043938
-2.000000 -1.600000 0.082101
-2.000000 -1.400000 0.120263
-2.000000 -1.200000 0.159417
-2.000000 -1.000000 0.199066
-2.000000 -0.800000 0.238715
-2.000000 -0.600000 0.251932
-2.000000 -0.400000 0.212282
-2.000000 -0.200000 0.172633
-2.000000 0.000000 0.132984
-2.000000 0.200000 0.094822
-2.000000 0.400000 0.056659
-2.000000 0.600000 0.018497
-2.000000 0.800000 0.003688
-2.000000 1.000000 0.000557
-2.000000 1.200000 -0.002574
-2.000000 1.400000 -0.007065
-2.000000 1.600000 -0.014272
-2.000000 1.800000 -0.021479
-2.000000 2.000000 -0.028686
-1.826087 -2.000000 -0.021718
-1.826087 -1.800000 0.020701
-1.826087 -1.600000 0.063120
-1.826087 -1.400000 0.105538
-1.826087 -1.200000 0.154083
-1.826087 -1.000000 0.205690
-1.826087 -0.800000 0.257298
-1.826087 -0.600000 0.274500
-1.826087 -0.400000 0.222893
-1.826087 -0.200000 0.171285
-1.826087 0.000000 0.119678
-1.826087 0.200000 0.077259
-1.826087 0.400000 0.034841
-1.826087 0.600000 -0.007578
-1.826087 0.800000 -0.019769
-1.826087 1.000000 -0.016846
-1.826087 1.200000 -0.013923
-1.826087 1.400000 -0.014785
-1.826087 1.600000 -0.023219
-1.826087 1.800000 -0.031652
-1.826087 2.000000 -0.040086
-1.652174 -2.000000 -0.049211
-1.652174 -1.800000 -0.002536
-1.652174 -1.600000 0.044139
-1.652174 -1.400000 0.090814
-1.652174 -1.200000 0.148749
-1.652174 -1.000000 0.212314
-1.652174 -0.800000 0.275880
-1.652174 -0.600000 0.297068
-1.652174 -0.400000 0.233503
-1.652174 -0.200000 0.169937
-1.652174 0.000000 0.106372
-1.652174 0.200000 0.059697
-1.652174 0.400000 0.013022
-1.652174 0.600000 -0.033653
-1.652174 0.800000 -0.043226
-1.652174 1.000000 -0.034248
-1.652174 1.200000 -0.025271
-1.652174 1.400000 -0.022505
-1.652174 1.600000 -0.032165
-1.652174 1.800000 -0.041825
-1.652174 2.000000 -0.051485
-1.478261 -2.000000 -0.076705
-1.478261 -1.800000 -0.025774
-1.478261 -1.600000 0.025158
-1.478261 -1.400000 0.076089
-1.478261 -1.200000 0.143415
-1.478261 -1.000000 0.218938
-1.478261 -0.800000 0.294462
-1.478261 -0.600000 0.319636
-1.478261 -0.400000 0.244113
-1.478261 -0.200000 0.168590
-1.478261 0.000000 0.093066
-1.478261 0.200000 0.042135
-1.478261 0.400000 -0.008797
-1.478261 0.600000 -0.059728
-1.478261 0.800000 -0.066683
-1.478261 1.000000 -0.051651
-1.478261 1.200000 -0.036619
-1.478261 1.400000 -0.030226
-1.478261 1.600000 -0.041112
-1.478261 1.800000 -0.051998
-1.478261 2.000000 -0.062885
-1.304348 -2.000000 -0.123612
-1.304348 -1.800000 -0.079553
-1.304348 -1.600000 -0.035494
-1.304348 -1.400000 0.008566
-1.304348 -1.200000 0.077031
-1.304348 -1.000000 0.157698
-1.304348 -0.800000 0.238366
-1.304348 -0.600000 0.265255
-1.304348 -0.400000 0.184588
-1.304348 -0.200000 0.103920
-1.304348 0.000000 0.023252
-1.304348 0.200000 -0.020807
-1.304348 0.400000 -0.064866
-1.304348 0.600000 -0.108926
-1.304348 0.800000 -0.106255
-1.304348 1.000000 -0.080220
-1.304348 1.200000 -0.054185
-1.304348 1.400000 -0.039760
-1.304348 1.600000 -0.048554
-1.304348 1.800000 -0.057348
-1.304348 2.000000 -0.066142
-1.130435 -2.000000 -0.178285
-1.130435 -1.800000 -0.145549
-1.130435 -1.600000 -0.112813
-1.130435 -1.400000 -0.080077
-1.130435 -1.200000 -0.013774
-1.130435 -1.000000 0.069313
-1.130435 -0.800000 0.152399
-1.130435 -0.600000 0.180095
-1.130435 -0.400000 0.097008
-1.130435 -0.200000 0.013922
-1.130435 0.000000 -0.069165
-1.130435 0.200000 -0.101901
-1.130435 0.400000 -0.134637
-1.130435 0.600000 -0.167373
-1.130435 0.800000 -0.152273
-1.130435 1.000000 -0.113256
-1.130435 1.200000 -0.074239
-1.130435 1.400000 -0.050020
-1.130435 1.600000 -0.055394
-1.130435 1.800000 -0.060768
-1.130435 2.000000 -0.066142
-0.956522 -2.000000 -0.232957
-0.956522 -1.800000 -0.211545
-0.956522 -1.600000 -0.190132
-0.956522 -1.400000 -0.168720
-0.956522 -1.200000 -0.104579
-0.956522 -1.000000 -0.019073
-0.956522 -0.800000 0.066432
-0.956522 -0.600000 0.094934
-0.956522 -0.400000 0.009429
-0.956522 -0.200000 -0.076077
-0.956522 0.000000 -0.161582
-0.956522 0.200000 -0.182995
-0.956522 0.400000 -0.204407
-0.956522 0.600000 -0.225820
-0.956522 0.800000 -0.198291
-0.956522 1.000000 -0.146293
-0.956522 1.200000 -0.094294
-0.956522 1.400000 -0.060279
-0.956522 1.600000 -0.062233
-0.956522 1.800000 -0.064187
-0.956522 2.000000 -0.066142
-0.782609 -2.000000 -0.264199
-0.782609 -1.800000 -0.249257
-0.782609 -1.600000 -0.234315
-0.782609 -1.400000 -0.219373
-0.782609 -1.200000 -0.156467
-0.782609 -1.000000 -0.069579
-0.782609 -0.800000 0.017308
-0.782609 -0.600000 0.046271
-0.782609 -0.400000 -0.040617
-0.782609 -0.200000 -0.127504
-0.782609 0.000000 -0.214392
-0.782609 0.200000 -0.229334
-0.782609 0.400000 -0.244276
-0.782609 0.600000 -0.259218
-0.782609 0.800000 -0.224588
-0.782609 1.000000 -0.165170
-0.782609 1.200000 -0.105753
-0.782609 1.400000 -0.065653
-0.782609 1.600000 -0.064187
-0.782609 1.800000 -0.062722
-0.782609 2.000000 -0.061256
-0.608696 -2.000000 -0.264199
-0.608696 -1.800000 -0.249257
-0.608696 -1.600000 -0.234315
-0.608696 -1.400000 -0.219373
-0.608696 -1.200000 -0.156467
-0.608696 -1.000000 -0.069579
-0.608696 -0.800000 0.017308
-0.608696 -0.600000 0.046271
-0.608696 -0.400000 -0.040617
-0.608696 -0.200000 -0.127504
-0.608696 0.000000 -0.214392
-0.608696 0.200000 -0.229334
-0.608696 0.400000 -0.244276
-0.608696 0.600000 -0.259218
-0.608696 0.800000 -0.224588
-0.608696 1.000000 -0.165170
-0.608696 1.200000 -0.105753
-0.608696 1.400000 -0.064513
-0.608696 1.600000 -0.059628
-0.608696 1.800000 -0.054742
-0.608696 2.000000 -0.049857
-0.434783 -2.000000 -0.264199
-0.434783 -1.800000 -0.249257
-0.434783 -1.600000 -0.234315
-0.434783 -1.400000 -0.219373
-0.434783 -1.200000 -0.156467
-0.434783 -1.000000 -0.069579
-0.434783 -0.800000 0.017308
-0.434783 -0.600000 0.046271
-0.434783 -0.400000 -0.040617
-0.434783 -0.200000 -0.127505
-0.434783 0.000000 -0.214392
-0.434783 0.200000 -0.229334
-0.434783 0.400000 -0.244276
-0.434783 0.600000 -0.259219
-0.434783 0.800000 -0.224588
-0.434783 1.000000 -0.165170
-0.434783 1.200000 -0.105753
-0.434783 1.400000 -0.063373
-0.434783 1.600000 -0.055068
-0.434783 1.800000 -0.046763
-0.434783 2.000000 -0.038457
-0.260870 -2.000000 -0.256389
-0.260870 -1.800000 -0.239829
-0.260870 -1.600000 -0.223270
-0.260870 -1.400000 -0.206710
-0.260870 -1.200000 -0.143495
-0.260870 -1.000000 -0.056953
-0.260870 -0.800000 0.029589
-0.260870 -0.600000 0.058436
-0.260870 -0.400000 -0.028106
-0.260870 -0.200000 -0.114648
-0.260870 0.000000 -0.201190
-0.260870 0.200000 -0.217750
-0.260870 0.400000 -0.234309
-0.260870 0.600000 -0.250869
-0.260870 0.800000 -0.218014
-0.260870 1.000000 -0.160451
-0.260870 1.200000 -0.102888
-0.260870 1.400000 -0.060826
-0.260870 1.600000 -0.049765
-0.260870 1.800000 -0.038703
-0.260870 2.000000 -0.027642
-0.086957 -2.000000 -0.201716
-0.086957 -1.800000 -0.173833
-0.086957 -1.600000 -0.145950
-0.086957 -1.400000 -0.118067
-0.086957 -1.200000 -0.052691
-0.086957 -1.000000 0.031433
-0.086957 -0.800000 0.115556
-0.086957 -0.600000 0.143597
-0.086957 -0.400000 0.059474
-0.086957 -0.200000 -0.024649
-0.086957 0.000000 -0.108773
-0.086957 0.200000 -0.136656
-0.086957 0.400000 -0.164539
-0.086957 0.600000 -0.192422
-0.086957 0.800000 -0.171996
-0.086957 1.000000 -0.127415
-0.086957 1.200000 -0.082834
-0.086957 1.400000 -0.049835
-0.086957 1.600000 -0.040000
-0.086957 1.800000 -0.030165
-0.086957 2.000000 -0.020330
0.086956 -2.000000 -0.147044
0.086956 -1.800000 -0.107837
0.086956 -1.600000 -0.068631
0.086956 -1.400000 -0.029424
0.086956 -1.200000 0.038114
0.086956 -1.000000 0.119818
0.086956 -0.800000 0.201523
0.086956 -0.600000 0.228758
0.086956 -0.400000 0.147053
0.086956 -0.200000 0.065349
0.086956 0.000000 -0.016355
0.086956 0.200000 -0.055562
0.086956 0.400000 -0.094768
0.086956 0.600000 -0.133975
0.086956 0.800000 -0.125978
0.086956 1.000000 -0.094379
0.086956 1.200000 -0.062780
0.086956 1.400000 -0.038845
0.086956 1.600000 -0.030236
0.086956 1.800000 -0.021627
0.086956 2.000000 -0.013018
0.260869 -2.000000 -0.092371
0.260869 -1.800000 -0.041841
0.260869 -1.600000 0.008689
0.260869 -1.400000 0.059218
0.260869 -1.200000 0.128919
0.260869 -1.000000 0.208204
0.260869 -0.800000 0.287490
0.260869 -0.600000 0.313918
0.260869 -0.400000 0.234633
0.260869 -0.200000 0.155347
0.260869 0.000000 0.076062
0.260869 0.200000 0.025532
0.260869 0.400000 -0.024998
0.260869 0.600000 -0.075528
0.260869 0.800000 -0.079960
0.260869 1.000000 -0.061343
0.260869 1.200000 -0.042726
0.260869 1.400000 -0.027854
0.260869 1.600000 -0.020471
0.260869 1.800000 -0.013089
0.260869 2.000000 -0.005707
0.434782 -2.000000 -0.060994
0.434782 -1.800000 -0.012495
0.434782 -1.600000 0.036004
0.434782 -1.400000 0.084503
0.434782 -1.200000 0.146463
0.434782 -1.000000 0.215153
0.434782 -0.800000 0.283843
0.434782 -0.600000 0.306740
0.434782 -0.400000 0.238050
0.434782 -0.200000 0.169360
0.434782 0.000000 0.100669
0.434782 0.200000 0.052170
0.434782 0.400000 0.003671
0.434782 0.600000 -0.044828
0.434782 0.800000 -0.053279
0.434782 1.000000 -0.041707
0.434782 1.200000 -0.030134
0.434782 1.400000 -0.020522
0.434782 1.600000 -0.014830
0.434782 1.800000 -0.009138
0.434782 2.000000 -0.003446
0.608695 -2.000000 -0.033501
0.608695 -1.800000 0.010742
0.608695 -1.600000 0.054985
0.608695 -1.400000 0.099228
0.608695 -1.200000 0.151797
0.608695 -1.000000 0.208529
0.608695 -0.800000 0.265261
0.608695 -0.600000 0.284172
0.608695 -0.400000 0.227440
0.608695 -0.200000 0.170708
0.608695 0.000000 0.113975
0.608695 0.200000 0.069733
0.608695 0.400000 0.025490
0.608695 0.600000 -0.018753
0.608695 0.800000 -0.029822
0.608695 1.000000 -0.024304
0.608695 1.200000 -0.018786
0.608695 1.400000 -0.013799
0.608695 1.600000 -0.009875
0.608695 1.800000 -0.005951
0.608695 2.000000 -0.002027
0.782608 -2.000000 -0.006007
0.782608 -1.800000 0.033979
0.782608 -1.600000 0.073966
0.782608 -1.400000 0.113952
0.782608 -1.200000 0.157131
0.782608 -1.000000 0.201905
0.782608 -0.800000 0.246679
0.782608 -0.600000 0.261604
0.782608 -0.400000 0.216830
0.782608 -0.200000 0.172056
0.782608 0.000000 0.127281
0.782608 0.200000 0.087295
0.782608 0.400000 0.047308
0.782608 0.600000 0.007322
0.782608 0.800000 -0.006365
0.782608 1.000000 -0.006901
0.782608 1.200000 -0.007438
0.782608 1.400000 -0.007077
0.782608 1.600000 -0.004921
0.782608 1.800000 -0.002764
0.782608 2.000000 -0.000608
0.956521 -2.000000 0.005968
0.956521 -1.800000 0.039313
0.956521 -1.600000 0.072658
0.956521 -1.400000 0.106003
0.956521 -1.200000 0.140050
0.956521 -1.000000 0.174448
0.956521 -0.800000 0.208845
0.956521 -0.600000 0.220311
0.956521 -0.400000 0.185914
0.956521 -0.200000 0.151516
0.956521 0.000000 0.117118
0.956521 0.200000 0.083773
0.956521 0.400000 0.050428
0.956521 0.600000 0.017083
0.956521 0.800000 0.004004
0.956521 1.000000 0.001058
0.956521 1.200000 -0.001887
0.956521 1.400000 -0.003466
0.956521 1.600000 -0.002311
0.956521 1.800000 -0.001155
0.956521 2.000000 -0.000000
1.130434 -2.000000 0.006304
1.130434 -1.800000 0.031218
1.130434 -1.600000 0.056133
1.130434 -1.400000 0.081048
1.130434 -1.200000 0.106158
1.130434 -1.000000 0.131365
1.130434 -0.800000 0.156572
1.130434 -0.600000 0.164975
1.130434 -0.400000 0.139767
1.130434 -0.200000 0.114560
1.130434 0.000000 0.089353
1.130434 0.200000 0.064438
1.130434 0.400000 0.039523
1.130434 0.600000 0.014608
1.130434 0.800000 0.004556
1.130434 1.000000 0.001936
1.130434 1.200000 -0.000685
1.130434 1.400000 -0.002189
1.130434 1.600000 -0.001459
1.130434 1.800000 -0.000730
1.130434 2.000000 -0.000000
1.304347 -2.000000 0.006639
1.304347 -1.800000 0.023124
1.304347 -1.600000 0.039608
1.304347 -1.400000 0.056093
1.304347 -1.200000 0.072265
1.304347 -1.000000 0.088282
1.304347 -0.800000 0.104299
1.304347 -0.600000 0.109638
1.304347 -0.400000 0.093621
1.304347 -0.200000 0.077604
1.304347 0.000000 0.061588
1.304347 0.200000 0.045103
1.304347 0.400000 0.028619
1.304347 0.600000 0.012134
1.304347 0.800000 0.005109
1.304347 1.000000 0.002813
1.304347 1.200000 0.000517
1.304347 1.400000 -0.000912
1.304347 1.600000 -0.000608
1.304347 1.800000 -0.000304
1.304347 2.000000 -0.000000
1.478260 -2.000000 0.006281
1.478260 -1.800000 0.015834
1.478260 -1.600000 0.025387
1.478260 -1.400000 0.034940
1.478260 -1.200000 0.043878
1.478260 -1.000000 0.052508
1.478260 -0.800000 0.061139
1.478260 -0.600000 0.064015
1.478260 -0.400000 0.055385
1.478260 -0.200000 0.046755
1.478260 0.000000 0.038124
1.478260 0.200000 0.028571
1.478260 0.400000 0.019018
1.478260 0.600000 0.009465
1.478260 0.800000 0.005025
1.478260 1.000000 0.003140
1.478260 1.200000 0.001256
1.478260 1.400000 -0.000000
1.478260 1.600000 -0.000000
1.478260 1.800000 -0.000000
1.478260 2.000000 0.000000
1.652173 -2.000000 0.004187
1.652173 -1.800000 0.010556
1.652173 -1.600000 0.016925
1.652173 -1.400000 0.023293
1.652173 -1.200000 0.029252
1.652173 -1.000000 0.035005
1.652173 -0.800000 0.040759
1.652173 -0.600000 0.042677
1.652173 -0.400000 0.036923
1.652173 -0.200000 0.031170
1.652173 0.000000 0.025416
1.652173 0.200000 0.019048
1.652173 0.400000 0.012679
1.652173 0.600000 0.006310
1.652173 0.800000 0.003350
1.652173 1.000000 0.002094
1.652173 1.200000 0.000837
1.652173 1.400000 -0.000000
1.652173 1.600000 -0.000000
1.652173 1.800000 -0.000000
1.652173 2.000000 0.000000
1.826086 -2.000000 0.002094
1.826086 -1.800000 0.005278
1.826086 -1.600000 0.008462
1.826086 -1.400000 0.011647
1.826086 -1.200000 0.014626
1.826086 -1.000000 0.017503
1.826086 -0.800000 0.020380
1.826086 -0.600000 0.021338
1.826086 -0.400000 0.018462
1.826086 -0.200000 0.015585
1.826086 0.000000 0.012708
1.826086 0.200000 0.009524
1.826086 0.400000 0.006339
1.826086 0.600000 0.003155
1.826086 0.800000 0.001675
1.826086 1.000000 0.001047
1.826086 1.200000 0.000419
1.826086 1.400000 -0.000000
1.826086 1.600000 -0.000000
1.826086 1.800000 -0.000000
1.826086 2.000000 0.000000
1.999999 -2.000000 0.000000
1.999999 -1.800000 0.000000
1.999999 -1.600000 0.000000
1.999999 -1.400000 0.000000
1.999999 -1.200000 0.000000
1.999999 -1.000000 0.000000
1.999999 -0.800000 0.000000
1.999999 -0.600000 0.000000
1.999999 -0.400000 0.000000
1.999999 -0.200000 0.000000
1.999999 0.000000 0.000000
1.999999 0.200000 0.000000
1.999999 0.400000 0.000000
1.999999 0.600000 0.000000
1.999999 0.800000 0.000000
1.999999 1.000000 0.000000
1.999999 1.200000 0.000000
1.999999 1.400000 -0.000000
1.999999 1.600000 -0.000000
1.999999 1.800000 -0.000000
1.999999 2.000000 0.000000
