0.000000 0.000000 0.000000
0.015151 -0.124609 -0.070907
0.030303 -0.185094 -0.104923
0.045454 -0.201104 -0.113857
0.060606 -0.187957 -0.106781
0.075758 -0.157356 -0.090503
0.090909 -0.118003 -0.069987
0.106060 -0.076146 -0.048706
0.121212 -0.036052 -0.028954
0.136364 -0.000419 -0.012107
0.151515 0.029277 0.001157
0.166666 0.052480 0.010669
0.181818 0.069305 0.016619
0.196969 0.080328 0.019430
0.212121 0.086415 0.019662
0.227272 0.088589 0.017930
0.242424 0.087915 0.014850
0.257576 0.085426 0.010995
0.272727 0.082057 0.006867
0.287879 0.078608 0.002877
0.303030 0.075719 -0.000659
0.318182 0.073856 -0.003521
0.333333 0.073318 -0.005584
0.348484 0.074236 -0.006806
0.363636 0.076597 -0.007214
0.378787 0.080258 -0.006893
0.393939 0.084975 -0.005971
0.409090 0.090422 -0.004603
0.424242 0.096222 -0.002958
0.439393 0.101972 -0.001205
0.454545 0.107265 0.000496
0.469696 0.111716 0.002009
0.484848 0.114976 0.003219
0.499999 0.116755 0.004048
0.515151 0.116833 0.004450
0.530303 0.115068 0.004416
0.545454 0.111405 0.003967
0.560606 0.105878 0.003159
0.575757 0.098607 0.002071
0.590909 0.089796 0.000802
0.606060 0.079725 -0.000536
0.621212 0.068742 -0.001828
0.636363 0.057246 -0.002961
0.651514 0.045678 -0.003832
0.666666 0.034501 -0.004358
0.681817 0.024186 -0.004478
0.696969 0.015195 -0.004164
0.712120 0.007963 -0.003418
0.727272 0.002881 -0.002278
0.742423 0.000283 -0.000818
0.757575 0.000430 0.000856
0.772726 0.003499 0.002611
0.787878 0.009577 0.004291
0.803029 0.018650 0.005728
0.818181 0.030602 0.006752
0.833332 0.045218 0.007204
0.848484 0.062185 0.006951
0.863635 0.081102 0.005896
0.878787 0.101489 0.004000
0.893938 0.122809 0.001291
0.909090 0.144479 -0.002124
0.924241 0.165898 -0.006046
0.939393 0.186471 -0.010177
0.954544 0.205636 -0.014124
0.969696 0.222893 -0.017403
0.984847 0.237833 -0.019452
0.999999 0.250167 -0.019664
1.015151 0.259756 -0.017416
1.030302 0.266632 -0.012133
1.045454 0.271020 -0.003358
1.060605 0.273352 0.009155
1.075757 0.274267 0.025321
1.090908 0.274613 0.044576
1.106060 0.275421 0.065702
1.121211 0.277875 0.086607
1.136363 0.283256 0.104077
1.151514 0.292868 0.113475
1.166666 0.307937 0.108391
1.181817 0.329479 0.080243
1.196969 0.358141 0.017811
1.212120 0.393997 -0.093289
1.227272 0.436305 -0.271211
1.242423 0.483219 -0.538553
1.257575 0.531447 -0.923128
1.272726 0.575848 -1.458820
1.287877 0.608973 0.105471
1.303029 0.620528 0.113741
1.318180 0.596761 0.106777
1.333332 0.519774 0.075754
1.348483 0.366732 0.009161
1.363635 0.108983 -0.107736
1.378786 -0.288938 -0.293502
1.393938 -0.870410 -0.571221
1.409089 -1.687963 -0.969272
1.424241 -2.804638 -1.522198
1.439392 -4.295499 -2.271675
1.454544 -6.249293 -3.267592
1.469695 -8.770283 -4.569252
1.484847 -11.980245 -6.246693
1.499998 -16.020660 -8.382152
