0.000000 0.000000
0.015151 0.000335
0.030303 0.001311
0.045454 0.002886
0.060606 0.005016
0.075758 0.007659
0.090909 0.010772
0.106060 0.014312
0.121212 0.018236
0.136364 0.022502
0.151515 0.027065
0.166666 0.031881
0.181818 0.036894
0.196969 0.042044
0.212121 0.047275
0.227272 0.052528
0.242424 0.057745
0.257576 0.062869
0.272727 0.067842
0.287879 0.072605
0.303030 0.077102
0.318182 0.081292
0.333333 0.085178
0.348484 0.088767
0.363636 0.092067
0.378787 0.095087
0.393939 0.097834
0.409090 0.100315
0.424242 0.102538
0.439393 0.104512
0.454545 0.106243
0.469696 0.107677
0.484848 0.108658
0.499999 0.109019
0.515151 0.108594
0.530303 0.107216
0.545454 0.104719
0.560606 0.100935
0.575757 0.095699
0.590909 0.088844
0.606060 0.080211
0.621212 0.069956
0.636363 0.058646
0.651514 0.046873
0.666666 0.035229
0.681817 0.024309
0.696969 0.014703
0.712120 0.007005
0.727272 0.001809
0.742423 -0.000294
0.757575 0.001267
0.772726 0.006544
0.787878 0.015069
0.803029 0.026354
0.818181 0.039909
0.833332 0.055244
0.848484 0.071871
0.863635 0.089299
0.878787 0.107039
0.893938 0.124602
0.909090 0.141520
0.924241 0.157634
0.939393 0.173028
0.954544 0.187790
0.969696 0.202009
0.984847 0.215774
0.999999 0.229174
1.015151 0.242296
1.030302 0.255231
1.045454 0.268066
1.060605 0.280873
1.075757 0.293544
1.090908 0.305865
1.106060 0.317620
1.121211 0.328595
1.136363 0.338574
1.151514 0.347342
1.166666 0.354683
1.181817 0.360382
1.196969 0.364223
1.212120 0.366043
1.227272 0.366050
1.242423 0.364622
1.257575 0.362137
1.272726 0.358972
1.287877 0.355506
1.303029 0.352116
1.318180 0.349181
1.333332 0.347078
1.348483 0.346186
1.363635 0.346882
1.378786 0.349545
1.393938 0.354552
1.409089 0.362282
1.424241 0.373112
1.439392 0.387421
1.454544 0.405585
1.469695 0.427985
1.484847 0.454996
1.499998 0.486998